# k = 0
 3        7                 26                301                373  
 4       15                 80                966               1184  
 5       31               4616               3025               3680  bad t r
 6       63               4616              28501              34405  
 7      111               4616              86526             104240  
 8      255               6560             261625             314768  
 9      511              19682             788970             948401  
10      703             125252            2375101            2853397  
11     2047             638468            7141686            8576576  
12     4095             638468           64439010           77353025  
13     6887            4076810          193448101          232190149  
14    14495           13557212          580606446          696832592  
15    31911           60506432         1742343625         2091022064  
16    60975          296639576         5228079450         6274114769  
17   113383         1241055674        15686335501        18824441461  
18   239231         8601188876       141197991025       169440944672  
19   487039        12324038948       423610750290       508339611233  
20  1042431        45119577824      1270865805301      1525052388133  
21  1988859        78457189112      3812664524766      4575224273264  
22  3873535       429277584788     11438127792025     13725807037520  
23  7460635     30171305459816     34314651811530     41177689548017  
24 12589823     30171305459816    308834550658326    370601890286720  
25 29457599    153148462601876    926505799458625   1111807818343808  
