 3  2.807  1.771  5  4 x  3
 4  3.907  2.465  7  4 x  4
 5  4.954  3.126 13  8 x  7
 6  5.977  3.771 13  9 x  6
 7  6.794  4.287 13  8 x  8
 8  7.994  5.044 13  8 x  6
 9  8.997  5.677 15 11 x  7
10  9.457  5.967 17 13 x  9
11 10.999  6.940 20 14 x  9
12 12.000  7.571 20 14 x 11
13 12.750  8.044 22 16 x 11
14 13.823  8.722 24 19 x 11
15 14.962  9.440 26 18 x 12
16 15.896 10.029 29 21 x 15
17 16.791 10.594 31 24 x 16
18 17.868 11.273 34 23 x 15
19 18.894 11.921 34 26 x 17
20 19.992 12.613 36 29 x 19
21 20.924 13.201 37 29 x 18
22 21.885 13.808 39 29 x 19
23 22.831 14.405 45 35 x 22
24 23.586 14.881 45 35 x 21
25 24.812 15.655 48 37 x 24
26 25.787 16.270 48 38 x 23
27 26.839 16.934 51 41 x 26
28 27.878 17.589 52 43 x 28
29 28.838 18.194 60 45 x 30
30 29.838 18.825 60 47 x 31
31 30.978 19.545 62 52 x 33
32 31.903 20.129 62 51 x 32
33 32.990 20.814 63 52 x 32
34 33.596 21.197 64 54 x 32
35 34.423 21.719 65 54 x 33
