 8  7.994  5.044 13  8 x  8
 9  8.997  5.677 15  9 x  9
10  9.457  5.967 17 10 x 11
11 10.999  6.940 20 11 x 13
12 12.000  7.571 20 12 x 12
13 12.750  8.044 22 13 x 14
14 13.823  8.722 24 14 x 15
15 14.962  9.440 26 15 x 17
16 15.896 10.029 29 16 x 18
17 16.791 10.594 31 17 x 20
18 17.868 11.273 34 18 x 21
19 18.894 11.921 34 19 x 22
20 19.992 12.613 36 20 x 23
21 20.924 13.201 37 21 x 23
22 21.885 13.808 39 22 x 25
23 22.831 14.405 45 23 x 29
24 23.586 14.881 45 24 x 29
25 24.812 15.655 48 25 x 30
26 25.787 16.270 48 26 x 31
27 26.839 16.934 51 27 x 32
28 27.878 17.589 52 28 x 33
29 28.838 18.194 60 29 x 38
30 29.838 18.825 60 30 x 38
31 30.978 19.545 62 31 x 39
32 31.903 20.129 62 32 x 39
33 32.990 20.814 63 33 x 40
34 33.596 21.197 64 34 x 40
35 34.423 21.719 65 35 x 41
